  36  55  55  45  16  61  59  48  46  57 1

  44  47  45  48  58  58  46  46  45  57 1

  50  45  49  53  51  48  51  46  34  55 2

  74  61  45  54  58  34  71  40  43  42 2

  50  55  45  46  63  42  59  50  49  46 1

  39  43  65  52  58  55  41  32  43  37 2

  51  64  47  51  39  52  69  27  52  65 2

  58  52  59  53  45  58  55  52  42  51 2

  57  40  63  57  49  41  34  63  28  51 1

  45  72  62  60  56  39  59  53  63  51 1

  58  42  49  48  48  62  46  50  49  52 2

  48  27  60  61  40  36  33  52  42  43 1

  46  36  44  33  58  51  54  60  60  35 1

  49  51  21  46  66  56  46  50  46  41 2

  57  54  53  67  53  73  50  50  53  45 1

  60  51  54  38  48  52  41  61  53  58 2

  38  38  56  49  54  55  50  48  56  63 2

  52  52  55  53  51  51  42  52  52  51 1

  40  55  37  49  44  38  53  65  49  60 2

  42  42  48  74  38  49  46  70  66  66 2

  67  42  44  35  37  46  34  57  43  52 1

  51  63  45  45  68  65  40  45  40  40 2

  35  56  54  45  46  50  32  51  63  53 1

  44  26  44  48  50  55  43  59  55  41 2

  60  56  60  62  42  57  51  56  54  23 2

  59  31  62  50  49  53  59  43  20  34 2

  49  41  42  43  46  50  62  73  42  54 2

  71  45  63  49  67  65  66  32  62  56 2

  50  32  53  38  39  43  59  59  54  50 2

  26  41  52  54  55  56  63  64  41  36 2

  50  45  58  44  43  57  44  57  60  47 2

  42  55  46  49  43  46  48  53  59  51 2

  43  42  54  53  45  46  45  47  61  59 2

  41  54  50  46  71  44  42  61  58  50 2

  48  59  64  27  46  54  61  72  57  55 2

  44  47  46  42  51  56  50  57  46  31 1

  47  32  54  49  74  56  60  47  43  46 2

  51  45  47  56  42  60  38  47  61  55 2

  46  53  43  56  49  59  45  51  33  46 2

  47  51  47  52  44  58  50  42  49  36 2

  50  40  46  65  49  50  55  31  68  52 1

  38  43  58  38  55  59  31  44  43  55 2

  55  50  49  60  43  45  34  52  49  53 1

  67  49  57  49  57  65  35  41  64  53 2

  40  64  30  58  58  57  58  35  56  56 2

  47  34  49  50  41  53  40  35  56  56 2

  52  52  30  62  66  66  60  47  53  42 1

  50  53  61  40  44  48  43  51  71  50 2

  39  42  59  52  47  60  57  45  50  46 1

  67  56  54  66  33  54  47  38  58  46 1

  53  53  54  58  72  71  58  45  48  31 2

  42  44  54  60  53  59  44  64  63  67 2

  38  53  49  63  43  50  42  50  56  53 2

  61  32  43  44  58  70  47  50  60  34 2

  38  59  47  40  37  70  39  71  65  55 2

  36  43  40  51  41  58  68  61  64  44 2

  57  45  51  59  48  73  42  39  57  50 1

  57  61  46  44  50  43  44  50  39  42 1

  48  53  70  51  54  42  26  56  61  40 2

  26  45  45  44  42  39  61  52  40  52 2

  38  47  50  43  48  37  57  60  51  53 1

  36  46  44  44  35  53  55  46  60  56 2

  64  36  45  47  71  50  32  42  35  61 2

  49  44  47  59  53  46  55  59  46  59 2

  51  56  53  48  66  48  35  38  53  55 1

  29  58  56  53  53  59  29  62  44  46 1

  35  65  40  51  56  73  37  46  61  57 2

  55  49  50  45  48  52  54  47  53  47 1

  77  53  34  53  55  56  50  41  61  53 2

  48  36  58  70  55  55  35  49  48  30 2

  57  50  59  47  57  43  62  43  46  64 1

  43  48  50  40  63  43  61  44  50  43 2

  28  50  50  39  40  41  71  52  28  46 1

  47  39  36  39  47  49  57  34  47  40 1

  57  57  53  64  59  37  53  31  53  57 2

  30  42  72  60  50  63  55  47  47  41 1

  33  61  51  44  47  68  46  47  33  64 1

  53  54  45  48  46  47  48  63  36  47 2

  45  41  54  64  42  56  40  41  58  63 1

  53  55  52  61  51  47  66  20  59  54 2

  45  59  50  38  40  30  62  60  59  35 2

  49  65  32  53  63  63  68  31  50  58 1

  44  60  44  27  43  61  37  49  32  55 1

  57  75  52  55  44  52  42  51  56  53 2

  52  37  44  73  29  58  27  39  63  42 2

  51  65  53  45  54  41  43  53  54  47 1

  32  44  75  37  60  76  53  54  42  42 1

  42  35  42  39  60  45  45  47  50  48 2

  37  30  32  56  64  58  39  49  46  59 1

  48  48  64  58  53  53  49  53  53  35 2

  56  37  47  52  46  51  51  60  61  52 1

  28  51  41  52  63  48  35  59  50  51 1

  46  57  62  38  22  54  46  46  56  45 2

  50  58  67  47  51  43  55  58  48  49 2

  68  55  53  54  26  51  56  62  43  48 1

  57  39  52  55  44  62  38  57  38  42 1

  58  39  39  59  51  39  67  58  42  67 2

  47  56  65  53  51  69  39  63  61  51 2

  51  50  53  67  43  45  56  60  54  41 2

  80  58  69  57  33  41  50  42  62  51 2

  43  48  66  58  49  53  56  34  60  47 1

  62  60  42  61  56  50  57  33  50  51 2

  33  60  51  61  43  57  28  56  49  36 2

  61  59  46  53  65  35  44  30  53  70 2

  33  51  65  51  51  43  62  62  61  53 1

  44  39  68  65  33  50  56  46  48  63 2

  62  62  38  36  48  55  53  38  58  37 2

  47  43  41  67  53  49  53  58  50  60 2

  36  37  62  52  27  56  54  30  34  59 1

  52  57  47  42  45  60  57  63  53  45 2

  44  49  39  50  48  44  40  39  66  43 1

  47  52  45  56  47  65  55  47  55  59 2

  60  50  51  70  51  42  68  35  50  52 1

  38  40  40  56  60  64  42  55  40  43 1

  71  54  54  57  40  54  47  44  55  46 1

  49  50  52  50  58  44  48  48  47  71 1

  50  40  63  47  56  54  61  51  41  42 2

  47  49  56  29  59  63  53  42  56  61 2

  38  45  46  69  45  38  42  54  43  37 1

  55  62  61  42  49  46  52  36  60  47 2

  46  49  44  41  57  48  48  42  49  51 1

  65  47  56  38  49  56  40  61  56  41 2

  50  52  59  54  57  79  56  43  40  59 1

  49  57  57  38  26  50  43  58  60  53 2

  37  47  46  52  52  49  49  61  38  54 1

  49  38  70  73  54  57  53  54  36  48 1

  61  62  63  54  74  64  58  43  38  60 1

  59  46  59  44  47  55  34  63  59  51 2

  48  33  73  29  51  45  29  49  58  40 1

  38  57  58  53  66  32  45  44  66  44 2

  36  49  49  50  62  66  64  62  37  38 2

  61  46  59  43  50  50  59  23  41  62 2

  50  45  45  42  41  69  49  65  43  35 2

  60  74  40  42  62  62  58  45  59  53 1

  42  34  37  40  46  31  49  64  39  28 1

  39  33  50  40  57  35  55  45  31  56 2

  49  48  47  48  46  55  50  37  55  58 2

  57  37  54  49  40  58  38  36  45  47 2

  28  51  44  34  56  46  57  53  57  43 1

  45  54  30  38  38  52  70  41  51  32 2

  55  43  36  73  49  51  39  49  43  63 1

  54  65  50  41  41  63  51  49  38  53 1

  51  48  69  60  41  47  48  39  69  62 1

  47  54  25  46  41  52  32  66  50  37 2

  35  53  53  36  57  47  52  54  37  43 2

  38  48  48  49  50  59  50  49  65  33 1

  57  65  50  52  56  57  70  57  37  45 2

  53  41  48  45  62  55  47  49  48  67 1

  55  42  44  59  34  47  43  49  66  52 2

  53  50  40  40  43  53  42  42  59  69 2

  36  47  50  51  44  51  51  61  45  43 2

  61  43  64  61  60  52  62  34  46  57 1

  51  59  74  57  37  55  38  49  47  46 1

  54  39  47  59  40  70  64  57  65  53 2

  39  56  65  59  36  59  60  41  29  35 2

  49  33  46  53  40  48  43  47  56  76 2

  38  63  51  46  62  48  51  46  56  55 1

  65  52  55  51  57  48  51  38  57  42 1

  44  50  24  51  62  51  52  32  55  44 1

  55  71  53  60  64  48  48  68  39  37 1

  41  65  43  71  56  46  53  40  60  43 2

  53  42  50  49  51  23  55  38  32  57 1

  56  57  61  58  55  36  35  45  42  50 1

  53  41  33  34  74  46  46  65  22  46 2

  37  53  55  54  45  37  28  47  46  52 1

  46  51  52  38  30  41  50  39  53  62 1

  66  58  47  24  39  58  44  72  47  53 1

  51  62  67  62  41  43  71  48  58  57 1

  51  49  37  57  42  44  49  44  42  46 2

  30  42  35  50  60  28  55  55  46  49 1

  54  40  80  47  53  51  44  48  37  44 2

  40  75  54  48  35  54  66  64  53  74 2

  59  60  50  56  55  43  53  38  63  39 2

  54  34  52  62  58  48  50  54  37  53 1

  67  59  51  51  49  54  51  44  67  45 1

  60  41  41  63  44  45  53  57  48  47 1

  45  48  53  43  41  51  52  51  44  45 1

  48  51  38  40  61  61  61  39  44  52 2

  51  46  63  47  50  61  44  50  63  43 1

  29  50  55  36  53  38  43  38  51  57 2

  40  49  52  48  38  45  48  48  56  54 2

  43  60  55  43  38  35  50  45  64  54 1

  66  71  55  48  49  68  70  55  68  54 1

  54  47  49  63  33  69  42  55  34  55 2

  58  48  39  39  49  52  43  38  57  37 2

  60  48  44  65  54  57  59  61  40  60 1

  54  43  58  65  62  66  40  52  36  55 1

  46  58  45  53  34  31  58  60  66  25 2

  56  61  37  50  49  28  46  49  48  65 1

  42  52  43  47  35  36  54  86  49  51 1

  45  65  43  54  53  58  65  51  50  40 1

  47  43  43  39  55  57  55  40  79  48 2

  50  50  50  64  37  71  53  58  69  57 2

  56  60  53  54  44  57  47  37  55  41 2

  46  51  41  57  43  61  61  64  46  56 2

  48  62  43  45  38  34  49  56  56  50 1

  52  42  58  59  48  50  42  56  59  34 1

  55  62  40  51  46  33  50  72  56  52 1

  48  51  38  51  50  48  57  47  64  41 2

  41  54  66  45  28  50  67  69  58  62 1

  46  42  41  46  52  36  35  49  61  69 1

  61  40  39  54  56  53  55  44  40  44 2

  44  38  60  71  49  44  50  44  46  58 2

  54  58  52  46  49  52  47  63  59  30 1

  61  50  60  39  49  31  30  52  52  39 1

  59  62  36  29  49  35  62  60  52  49 1

  36  56  45  43  51  33  37  42  43  39 1

  41  43  58  49  45  45  65  53  24  50 1

  59  62  33  53  44  37  41  36  50  60 2

  53  67  44  31  37  44  69  55  48  57 1

  50  35  32  45  48  62  52  39  55  59 2

  43  52  45  47  67  55  43  36  40  57 2

  70  46  41  48  34  53  65  55  42  54 1

  54  62  50  34  63  64  66  54  55  57 1

  38  58  62  48  40  45  74  47  56  57 2

  23  36  43  50  60  45  38  56  56  50 2

  39  54  25  35  41  52  35  52  63  30 2

  54  39  42  36  61  65  53  45  54  49 2

  59  42  55  68  45  48  55  43  43  50 1

  54  50  40  55  34  53  44  64  60  41 1

  59  45  46  47  57  51  46  37  48  46 2

  50  53  48  55  48  33  31  38  48  40 1

  38  46  44  61  46  52  42  52  59  46 1

  57  37  54  50  38  49  41  53  48  46 2

  37  69  43  42  66  52  44  36  50  47 2

  55  70  49  52  49  43  40  55  48  65 2

  43  32  44  35  47  48  55  29  47  31 1

  40  58  61  37  30  43  41  63  55  63 2

  39  48  44  45  54  55  60  32  53  56 1

  50  49  52  62  49  54  52  60  51  62 1

  61  51  58  43  59  60  58  52  63  60 2

  58  51  52  51  66  51  40  51  55  39 2

  59  36  54  40  43  62  42  49  71  46 1

  60  51  45  78  50  36  33  47  36  43 1

  28  51  48  59  26  50  42  46  53  27 1

  68  58  49  55  52  46  53  55  48  56 2

  41  61  41  47  61  42  42  62  49  51 1

  55  39  49  59  50  52  53  61  46  62 1

  52  36  43  42  43  48  59  52  56  51 1

  52  57  64  36  56  75  62  48  52  32 1

  52  53  63  43  45  50  52  47  67  41 1

  62  58  51  58  44  57  52  60  61  57 2

  44  52  57  48  58  37  50  47  40  60 1

  68  33  43  57  54  58  64  43  44  61 2

  45  61  44  42  73  49  58  63  54  34 1

  51  52  57  58  45  44  47  70  51  55 2

  50  47  38  47  60  42  48  53  43  55 1

  55  50  55  34  50  44  50  31  66  47 1

  53  55  56  44  42  48  36  52  62  61 1

  50  46  57  41  43  39  42  53  35  66 1

  60  47  56  49  50  44  36  48  66  43 1

  55  43  52  45  50  66  52  25  60  44 1

  50  37  50  44  59  59  46  52  53  47 1

  52  62  36  62  60  54  63  40  65  54 2

  49  30  64  61  38  53  63  52  39  68 1

  46  45  61  56  32  67  41  53  48  71 2

  55  45  58  55  37  58  55  50  43  36 1

  44  45  55  37  47  47  67  54  50  52 1

  35  40  60  41  49  59  49  58  40  39 1

  57  66  39  50  30  45  57  70  47  48 2

  59  51  44  64  26  59  49  48  47  52 2

  56  61  48  41  51  65  31  48  43  50 2

  55  57  44  49  51  54  43  37  65  43 1

  62  51  41  47  54  48  67  54  46  47 2

  47  56  54  50  35  62  59  23  61  49 2

  47  49  45  61  39  39  48  54  53  44 2

  38  40  48  45  39  63  58  35  49  44 1

  30  43  46  50  34  70  58  47  65  36 1

  37  31  51  41  58  63  45  62  57  53 2

  50  67  49  51  43  42  54  47  54  32 1

  51  56  54  63  43  42  46  60  43  60 2

  65  43  47  34  50  69  55  55  38  47 2

  61  43  64  45  59  40  38  45  64  61 1

  41  43  47  53  43  50  41  55  40  60 1

  45  31  54  74  57  53  42  45  53  54 2

  36  41  36  55  64  58  38  49  34  58 1

  44  54  42  49  52  36  55  46  41  50 2

  59  47  53  51  46  31  50  48  46  65 1

  26  42  61  70  62  56  54  38  48  43 2

  51  34  39  44  28  45  51  55  29  64 2

  57  41  57  48  65  65  34  58  41  50 2

  52  41  44  35  30  46  55  28  46  51 2

  42  58  51  67  42  53  47  51  44  46 2

  38  37  43  53  54  53  48  56  75  53 1

  52  66  50  18  45  58  50  34  57  58 1

  55  29  54  64  48  55  68  44  45  47 1

  65  65  65  50  39  53  53  59  61  48 1

  53  66  71  48  44  54  56  53  50  47 1

  27  48  58  60  70  43  36  36  54  52 1

  63  44  34  61  37  59  42  59  51  34 2

  65  28  50  40  35  49  46  59  46  54 1

  53  52  41  66  49  40  50  35  43  57 1

  63  48  51  41  57  35  41  41  65  36 1

  60  51  35  36  39  37  57  56  66  49 2

  55  43  53  27  33  58  43  30  46  58 2

  45  60  69  48  43  59  46  44  47  46 1

  53  53  63  59  50  47  39  45  44  56 2

  51  48  43  53  47  46  55  63  67  73 2

  58  41  53  73  59  37  46  56  45  42 1

  42  61  54  55  48  46  43  59  59  60 2

  48  48  56  54  48  31  36  44  58  75 1

  57  49  47  45  46  48  60  37  49  33 1

  54  42  51  51  29  34  67  42  27  34 1

  58  49  75  52  47  40  51  41  49  51 1

  65  55  68  55  50  56  39  49  70  46 2

  70  49  31  49  67  74  45  44  48  54 2

  50  45  58  55  52  61  51  57  59  49 1

  55  50  40  60  51  38  37  44  60  44 1

  58  54  47  60  49  59  52  44  52  50 1

  39  45  58  51  68  38  49  39  53  46 2

  79  48  68  59  51  47  67  50  29  50 2

  45  62  51  48  49  54  51  45  55  40 2

  68  44  53  39  56  72  51  32  27  51 2

  34  57  56  44  49  38  56  55  57  38 2

  47  41  29  47  31  62  47  59  28  50 2

  61  53  79  47  49  41  51  74  38  49 1

  38  50  44  44  48  58  52  34  43  62 2

  42  64  62  65  35  70  64  42  53  47 2

  47  72  48  49  43  51  27  57  53  49 2

  47  58  33  61  52  40  75  37  34  45 2

  59  38  57  40  50  70  35  43  65  39 2

  48  55  48  55  36  55  61  46  54  43 1

  51  54  44  53  61  43  46  61  45  58 2

  58  43  44  57  68  53  50  59  36  51 1

  49  42  49  52  53  54  49  46  40  39 1

  37  42  53  51  31  50  50  64  57  64 1

  58  47  48  38  50  53  48  53  36  47 2

  54  52  20  54  58  39  68  57  53  47 1

  52  64  57  46  51  55  50  56  47  49 1

  57  55  50  54  44  41  49  51  45  44 1

  49  54  51  43  50  47  51  56  48  71 1

  50  67  54  61  56  38  51  57  58  73 1

  57  42  56  31  46  45  39  66  67  51 2

  55  54  36  49  63  52  46  50  46  46 2

  47  64  33  48  54  55  70  41  58  49 2

  49  45  52  33  59  38  60  33  47  58 2

  47  52  51  37  44  46  59  44  38  47 2

  53  48  48  49  49  59  56  56  56  55 2

  38  48  59  47  84  53  42  47  54  56 1

  57  60  45  48  49  55  46  45  46  46 2

  54  49  50  65  51  39  47  47  46  46 1

  46  36  48  54  52  38  53  59  52  68 1

  63  44  34  34  53  61  53  66  33  48 2

  45  47  66  31  49  38  37  46  60  64 1

  42  52  55  49  51  42  44  65  40  54 1

  43  54  44  47  44  45  41  48  56  48 2

  46  54  33  43  40  49  45  30  66  42 2

  67  38  53  62  48  44  45  51  44  65 2

  69  59  61  64  38  51  53  47  47  49 1

  33  45  40  66  47  36  61  52  46  55 1

  40  62  37  68  37  49  40  48  53  56 2

  34  55  58  54  47  39  32  31  42  57 1

  53  51  51  36  44  55  79  38  56  61 2

  49  40  55  52  35  57  41  44  43  58 2

  60  54  63  41  44  51  35  67  68  51 2

  63  53  58  58  54  47  36  40  52  43 2

  53  45  39  43  57  80  54  60  85  54 1

  34  47  57  54  60  44  52  47  50  47 1

  71  25  55  54  62  48  55  49  54  52 2

  56  41  58  54  58  52  49  45  44  44 1

  50  62  63  50  57  48  34  48  50  51 1

  35  40  59  56  65  50  26  48  54  48 2

  58  49  56  59  43  48  42  47  40  64 2

  57  47  62  46  74  55  57  59  60  53 2

  41  56  50  48  64  46  49  44  65  46 2

  60  57  47  70  58  61  55  41  38  56 1

  55  42  52  47  42  62  49  48  53  38 2

  35  49  59  63  39  53  59  69  47  53 2

  48  64  51  43  41  47  51  56  41  44 2

  38  44  48  54  67  45  47  57  44  25 2

  35  53  47  46  31  44  62  43  49  36 1

  51  61  42  51  40  60  33  39  37  49 1

  44  60  49  36  58  49  48  49  39  49 2

  50  40  53  59  57  39  71  41  57  53 1

  41  44  42  44  42  36  47  34  34  31 1

  51  51  43  47  42  51  62  68  58  43 1

  49  32  55  52  58  27  37  41  48  43 1

  48  47  27  32  40  67  57  56  56  39 2

  69  54  31  46  38  49  47  64  51  52 1

  50  52  36  63  28  37  65  28  41  44 2

  59  47  42  50  44  54  54  47  50  51 1

  42  60  53  67  56  65  39  63  46  36 2

  39  62  45  46  56  44  58  56  41  52 2

  49  38  47  60  49  52  54  58  41  36 1

  58  44  40  61  51  55  36  60  43  47 2

  50  45  55  56  47  40  60  49  40  47 1

  57  48  55  66  49  33  40  37  30  65 1

  62  64  66  62  55  42  53  65  55  54 2

  50  49  55  42  30  24  45  48  36  41 1

  59  61  59  51  45  34  63  55  49  46 2

  54  52  49  58  50  57  53  66  44  51 1

  53  43  38  62  46  55  38  61  67  62 1

  42  57  69  70  42  39  30  48  53  38 1

  63  37  54  44  53  56  45  42  49  58 2

  49  52  39  44  44  44  54  54  42  57 1

  31  48  27  56  61  50  52  55  31  52 1

  48  61  34  39  49  78  50  48  57  51 2

  46  61  55  45  39  52  56  65  57  56 2

  36  50  45  58  60  49  65  61  39  38 1

  38  47  52  59  52  44  47  47  43  56 2

  52  39  58  44  33  54  46  48  72  57 2

  46  66  70  42  55  53  43  52  46  61 2

  46  60  48  50  43  43  56  55  44  61 1

  52  39  49  50  48  56  39  59  39  55 1

  66  42  54  54  67  54  28  43  54  48 2

  49  64  48  38  44  59  63  57  39  49 2

  57  40  69  55  54  50  51  40  47  44 2

  47  44  70  48  48  47  60  55  57  44 2

  50  63  50  48  42  39  58  71  41  48 2

  42  24  61  36  54  59  48  46  56  33 1

  44  36  67  44  59  49  52  72  52  34 1

  53  44  44  41  37  51  39  59  57  40 1

  52  52  36  60  44  61  44  33  46  40 2

  52  35  51  40  66  56  69  46  52  38 2

  47  53  48  70  49  56  41  43  33  31 2

  42  44  47  35  61  48  59  53  64  48 1

  37  60  49  46  32  31  49  55  50  57 2

  37  42  50  52  59  28  72  53  48  56 2

  37  55  52  41  53  43  36  52  73  54 1

  64  36  48  58  51  50  34  53  43  67 1

  71  64  33  42  46  43  45  46  45  35 1

  59  58  42  51  61  52  54  67  47  49 1

  66  35  55  37  35  56  62  56  39  48 1

  37  59  58  53  63  47  54  45  53  58 2

  59  56  52  60  59  53  52  40  34  50 1

  58  55  49  59  50  61  72  60  51  59 2

  51  54  66  40  34  60  44  59  36  45 2

  36  49  57  46  34  48  58  49  31  46 2

  66  51  58  57  66  43  47  35  52  37 2

  59  52  56  40  39  55  50  51  51  56 2

  61  51  49  54  40  53  75  38  41  50 1

  49  36  52  63  53  48  48  49  64  51 2

  56  52  55  50  60  41  35  31  48  44 1

  52  45  58  47  66  51  55  43  50  50 1

  46  36  55  42  55  55  42  48  50  33 2

  46  44  56  30  42  56  68  59  58  42 2

  64  62  55  53  46  50  48  60  52  56 2

  56  81  43  46  42  51  54  55  53  40 1

  46  63  47  51  48  42  34  63  42  58 1

  53  51  47  56  51  45  55  51  32  49 1

  53  57  66  54  28  44  52  58  44  64 2

  61  64  47  52  38  53  47  40  36  43 1

  64  22  50  43  62  61  44  59  69  29 2

  54  47  65  46  48  58  65  37  62  51 1

  45  53  65  72  44  46  58  37  52  43 2

  43  73  40  63  51  61  69  62  65  58 2

  43  74  41  44  45  59  60  45  47  54 1

  51  55  43  59  48  40  45  64  45  46 2

  54  76  13  60  70  69  39  45  56  57 1

  53  57  52  44  60  53  46  60  28  50 2

  61  41  41  48  51  63  52  49  49  50 1

  52  48  51  60  64  51  44  56  51  46 1

  53  53  44  61  46  50  38  33  59  58 2

  52  40  56  43  47  36  49  65  36  68 2

  50  65  60  51  66  68  42  60  47  54 2

  59  49  67  55  49  56  56  41  50  54 2

  41  57  62  43  48  36  40  36  31  36 2

  41  41  47  49  57  44  45  52  51  42 1

  58  53  41  43  61  39  56  46  46  50 1

  45  50  39  45  48  49  52  48  42  38 2

  43  52  50  48  42  47  64  57  41  60 1

  54  39  35  56  53  56  60  53  26  56 2

  52  36  58  31  54  67  52  38  51  63 2

  45  48  37  58  59  66  43  49  55  57 2

  38  49  54  67  37  54  53  37  44  64 2

  61  21  45  48  34  32  52  57  60  56 2

  50  61  57  49  43  31  51  29  57  48 2

  50  31  44  42  47  79  60  51  64  40 2

  58  60  67  62  34  45  54  42  52  54 1

  46  57  67  60  60  63  39  41  75  48 2

  59  58  44  50  56  35  51  46  41  46 2

  57  36  48  56  62  64  38  45  50  49 2

  61  65  54  32  37  37  39  53  53  57 2

  45  53  45  63  49  48  30  66  35  53 2

  55  40  55  54  46  60  62  52  50  43 1

  33  49  40  56  57  52  46  38  38  58 2

  38  41  39  51  57  52  46  59  45  32 2

  36  40  51  33  54  56  49  42  57  57 2

  53  51  45  52  64  48  63  58  68  52 2

  51  34  48  62  47  49  47  55  54  55 2

  42  48  52  58  51  56  70  57  69  54 2

  60  46  44  56  53  62  64  52  34  52 2

  61  55  40  57  46  46  60  68  60  47 2

  54  47  48  42  47  55  53  40  48  33 2

  51  31  48  45  26  39  62  65  60  57 1

  75  60  48  43  55  43  48  59  36  40 1

  47  58  52  50  43  44  46  59  47  54 1

  67  47  62  46  51  45  59  37  34  58 2

  42  62  34  65  43  53  29  81  26  46 2

  48  52  58  53  52  25  48  45  62  65 1

  44  47  46  66  52  54  41  52  41  49 1

  39  46  44  32  58  47  50  44  62  57 2

  39  53  39  51  57  58  51  74  51  45 1

  44  52  43  43  63  60  51  48  55  51 1

  56  44  46  57  66  63  45  58  57  60 2

  56  80  51  54  71  52  28  50  38  43 1

  53  50  71  42  62  54  63  48  39  54 1

  67  54  62  35  39  45  40  39  37  68 1

  45  53  35  53  51  50  39  62  41  43 1

  65  41  64  51  30  48  47  42  55  48 1

  64  43  58  43  56  47  51  49  52  62 2

  46  58  40  53  49  46  30  74  56  63 2

  58  62  31  50  50  66  33  39  60  33 2

  41  40  50  53  59  55  41  45  42  59 2

  49  49  48  64  50  51  46  63  43  47 2

  66  48  40  46  67  46  56  48  60  44 1

  58  55  68  46  37  51  44  54  61  52 2

  42  44  49  60  56  59  59  51  43  47 2

  53  46  66  43  48  52  45  60  42  52 1

  54  57  38  42  68  62  56  52  54  52 2

  51  57  36  34  50  54  38  33  41  28 2

  47  54  49  56  54  43  54  33  60  43 1

  55  41  53  57  49  54  53  53  46  49 2

  40  53  65  49  44  46  51  41  41  57 2

  67  64  35  66  60  49  53  55  53  52 2

  61  57  40  42  41  43  65  60  58  51 2

  49  56  36  65  48  60  48  37  48  56 2

  41  65  58  64  31  46  40  54  42  38 2

  52  44  47  59  53  44  50  49  55  33 2

  51  49  55  49  43  59  37  48  57  55 2

  57  51  61  68  49  56  57  24  49  61 1

  55  44  57  65  39  40  66  46  53  40 2

  41  51  49  65  63  44  54  59  54  39 2

  50  41  48  57  33  43  53  44  32  74 2

  61  52  32  45  41  50  38  43  52  47 2

  46  57  58  45  70  50  34  65  30  51 2

  55  29  60  27  50  58  35  45  48  58 2

  49  53  40  51  41  41  35  59  53  42 2

  32  64  48  60  62  48  55  59  35  67 2

  56  58  47  51  38  59  65  52  47  65 2

  40  71  46  50  56  66  59  65  56  56 1

  48  52  47  66  48  53  54  50  49  46 1

  52  40  47  45  32  61  35  50  49  45 1

  32  56  51  47  59  37  58  45  44  39 2

  48  25  57  28  36  26  66  63  31  48 2

  49  73  48  36  57  56  50  46  43  53 2

  42  50  34  34  37  52  50  45  26  45 2

  60  48  59  56  48  72  68  63  48  49 1

  63  61  51  72  44  39  54  46  57  42 1

  54  40  37  52  54  55  53  50  47  37 2

  49  52  40  53  53  56  51  58  48  57 2

  71  49  43  46  54  43  53  40  35  51 2

  57  59  38  68  43  39  55  65  54  50 1

  64  34  61  74  48  55  43  48  57  40 1

  38  53  45  67  51  55  49  41  44  64 1

  45  57  28  42  40  55  67  34  55  53 1

  43  44  48  35  67  43  50  57  40  37 2

  55  37  41  55  34  58  46  35  50  35 1

  30  35  47  45  53  41  57  38  35  48 1

  74  61  55  44  60  56  65  33  50  54 1

  52  41  66  56  41  55  67  58  55  67 1

  52  48  57  42  68  39  60  65  54  48 1

  51  52  54  42  66  52  52  41  48  45 1

  48  61  47  37  43  44  64  42  59  36 1

  49  58  48  48  48  62  53  33  51  47 2

  65  46  55  54  47  49  56  47  31  62 1

  42  37  39  46  55  57  45  53  50  52 1

  77  44  46  76  59  59  43  49  39  57 1

  44  42  50  41  53  53  26  61  69  45 2

  51  50  54  42  63  54  55  41  39  45 1

  51  61  47  43  50  55  63  61  49  42 2

  58  50  48  44  34  61  46  38  49  54 2

  43  52  41  52  64  64  52  51  57  55 2

  47  67  47  43  54  35  52  48  73  57 2

  27  38  37  50  62  55  50  52  44  62 1

  53  56  44  49  50  61  61  44  46  63 1

  53  52  38  36  42  44  52  39  61  53 1

  40  58  49  61  67  34  55  62  38  53 1

  36  45  45  63  37  60  51  63  45  31 1

  54  45  50  47  51  46  38  75  34  44 2

  69  32  34  51  60  39  59  43  59  65 2

  54  71  53  45  53  42  60  55  64  48 2

  57  47  46  52  57  42  64  41  61  64 1

  48  42  64  39  69  54  63  48  42  53 2

  47  49  39  57  61  54  52  40  51  54 1

  42  43  45  64  52  38  65  51  40  67 2

  58  56  52  58  33  61  43  42  39  54 2

  49  45  59  46  38  52  47  55  55  41 1

  40  41  74  48  33  42  36  54  46  58 2

  42  51  52  51  50  38  54  57  49  54 1

  54  45  51  52  56  56  37  50  62  38 2

  46  55  51  26  55  49  51  39  74  50 1

  62  56  47  58  44  54  61  33  45  58 1

  54  46  62  65  29  37  40  56  53  54 1

  59  76  50  48  51  47  54  50  56  44 1

  64  29  51  52  49  48  63  33  53  64 1

  52  52  40  40  52  41  66  45  41  31 1

  52  35  49  53  42  37  27  54  41  44 2

  51  61  57  66  55  56  54  58  24  59 2

  48  71  62  45  54  44  32  44  45  45 1

  69  37  37  34  59  56  36  46  55  49 2

  56  46  45  63  61  54  82  32  38  46 1

  47  54  60  37  52  37  43  53  56  46 2

  40  46  46  47  41  62  29  32  61  58 2

  50  57  33  40  55  73  59  65  39  66 2

  52  58  28  46  38  57  65  55  48  42 1

  47  44  48  43  50  53  63  61  40  51 1

  67  45  58  44  26  59  53  67  51  47 1

  53  49  62  44  60  68  61  55  43  45 2

  55  40  67  56  66  59  52  61  43  37 1

  53  59  40  72  38  47  40  62  37  60 2

  42  53  60  47  45  58  64  37  73  48 1

  58  52  41  59  28  46  54  41  67  53 2

  55  35  40  40  32  59  46  38  55  45 2

  66  42  46  50  39  53  53  44  32  38 2

  49  52  51  52  49  47  36  46  53  35 2

  37  51  47  49  34  60  63  50  35  31 2

  56  44  58  50  61  42  64  39  58  61 2

  42  47  62  53  45  54  43  38  48  58 1

  29  60  53  60  47  58  44  51  58  53 1

  58  67  60  49  54  34  56  79  52  45 2

  56  53  42  66  53  40  45  71  58  49 1

  33  55  59  53  31  61  54  54  46  47 2

  42  48  53  59  36  57  49  61  44  54 2

  47  52  50  25  49  53  57  28  56  58 1

  56  47  67  62  49  63  54  63  40  45 1

  49  53  69  56  47  45  42  33  49  50 2

  59  36  50  50  49  63  47  63  61  58 1

  74  41  46  65  51  52  51  44  50  42 1

  46  69  42  54  50  41  42  46  53  56 1

  40  68  53  44  45  51  45  54  52  72 2

  37  53  57  38  44  59  37  56  59  58 2

  57  56  60  40  56  43  40  50  56  74 2

  73  50  51  44  39  51  36  43  72  48 2

  50  82  45  36  52  53  43  42  50  55 1

  53  55  67  49  35  41  45  54  53  43 1

  52  60  47  47  45  47  26  62  59  53 2

  43  51  60  38  48  38  45  42  54  44 1

  61  58  28  62  25  64  43  49  41  66 2

  52  55  44  34  38  36  66  52  25  55 1

  47  45  38  56  55  62  42  40  47  28 2

  37  62  61  43  41  47  44  63  43  41 2

  56  39  70  47  36  54  40  38  37  41 2

  50  57  58  53  58  51  53  54  49  53 2

  49  38  46  53  56  24  42  56  37  37 2

  59  32  49  39  34  65  49  43  27  46 1

  59  59  45  56  47  45  49  49  61  65 1

  58  43  66  46  55  47  62  54  59  47 1

  66  56  63  67  52  38  50  59  45  57 2

  56  45  50  45  62  29  61  41  58  49 2

  51  51  47  36  51  48  50  46  39  45 1

  55  62  50  36  52  52  44  51  61  48 1

  60  61  59  57  25  45  34  55  51  47 1

  52  55  43  71  57  68  33  49  45  59 1

  44  44  58  42  54  60  47  43  48  57 2

  48  45  66  47  56  58  29  42  36  40 2

  51  64  48  32  77  62  70  31  43  44 1

  51  60  46  55  43  62  43  25  41  43 2

  36  43  47  52  53  68  55  41  37  32 1

  63  35  53  44  35  46  45  33  66  48 2

  50  59  45  56  46  48  43  53  43  55 1

  44  35  34  54  31  37  48  55  63  52 1

  58  48  36  46  58  57  38  43  47  47 1

  56  43  46  50  68  42  61  57  29  47 1

  57  59  68  49  42  64  54  69  34  61 2

  47  57  55  49  27  49  46  55  57  63 2

  51  43  62  38  50  41  56  59  39  45 1

  48  62  46  46  49  45  59  32  60  40 2

  32  21  32  46  54  49  62  50  41  54 1

  41  52  42  62  38  57  52  45  57  52 2

  50  60  47  48  53  61  32  44  51  46 1

  37  41  53  64  42  48  40  53  58  50 2

  40  42  48  49  56  49  53  40  49  55 2

  34  50  48  50  54  57  30  64  28  42 1

  44  45  41  45  31  59  44  57  52  36 1

  61  41  39  39  53  43  43  41  62  43 1

  46  60  44  50  53  45  43  59  53  69 1

  69  67  48  52  54  48  57  59  43  60 1

  45  51  44  59  47  59  39  45  54  48 1

  30  37  48  54  54  41  50  22  34  54 1

  46  47  62  42  44  43  58  36  57  55 2

  41  45  48  52  52  61  65  47  51  46 2

  51  37  70  43  48  49  52  46  48  45 2

  35  50  53  52  38  50  55  46  45  62 2

  32  56  55  41  58  39  48  52  47  51 2

  45  49  39  60  52  59  56  38  36  56 1

  60  50  46  62  40  50  46  52  32  55 1

  44  34  58  74  45  48  59  45  44  42 1

  52  57  42  47  49  50  66  39  40  49 2

  49  51  36  50  63  59  60  60  52  31 2

  42  60  56  55  60  39  48  53  41  33 1

  45  48  61  56  55  68  55  40  46  46 1

  49  56  40  49  53  49  44  42  40  56 2

  52  51  57  37  69  46  56  57  53  64 2

  48  48  50  60  60  74  52  80  37  57 1

  34  53  47  52  56  47  68  49  46  49 1

  67  51  55  45  42  47  52  54  62  33 2

  45  44  46  69  50  70  60  54  52  55 2

  53  56  48  39  56  45  63  61  44  49 2

  57  60  46  58  60  35  57  51  47  35 2

  49  41  36  39  53  44  34  27  60  60 1

  58  45  47  45  44  48  36  37  39  60 1

  49  54  56  56  60  53  51  47  32  47 2

  48  69  33  47  49  52  52  47  52  56 2

  56  49  59  44  57  45  49  65  43  70 2

  37  47  47  39  62  55  45  56  44  48 1

  37  33  51  49  53  63  48  44  39  41 2

  51  47  57  52  39  51  44  49  48  48 2

  40  58  50  35  44  25  45  48  48  49 1

  56  43  54  53  49  42  40  60  47  50 1

  39  52  37  40  55  60  44  37  52  56 2

  50  37  48  41  36  58  50  45  34  51 1

  54  50  72  60  47  40  47  60  50  46 2

  42  37  63  53  48  51  37  27  57  50 1

  42  44  58  61  36  43  46  71  61  46 1

  56  50  38  58  42  45  69  44  59  34 2

  56  58  53  69  40  48  34  34  55  53 1

  58  65  38  48  37  47  70  60  44  49 1

  67  40  49  32  40  51  51  33  37  64 1

  37  59  61  46  53  59  63  70  44  68 1

  51  35  58  57  45  56  31  39  43  56 2

  57  53  50  63  33  42  46  58  60  51 1

  42  43  46  37  50  37  65  49  50  49 1

  45  40  57  31  45  52  38  56  66  51 1

  47  55  42  52  54  49  39  42  55  40 2

  50  64  78  48  58  63  51  55  51  47 1

  45  31  50  40  61  60  51  58  54  35 1

  37  34  67  55  41  51  48  47  69  56 2

  56  39  67  38  45  58  36  54  61  48 1

  54  32  33  60  45  59  37  47  55  53 1

  67  41  40  58  41  59  65  43  53  60 2

  57  50  42  41  41  51  41  50  34  52 2

  52  47  45  42  46  61  54  40  48  50 1

  49  35  37  33  64  49  52  57  44  46 2

  59  59  49  41  46  54  56  44  42  45 1

  37  39  51  44  44  53  64  45  40  58 2

  54  54  58  49  39  60  51  62  49  53 1

  51  34  42  50  41  41  53  40  45  37 1

  63  48  71  56  48  33  37  49  36  55 1

  41  50  60  46  43  49  39  37  66  33 2

  47  50  52  47  46  43  51  39  52  49 1

  69  67  38  55  42  59  54  43  48  38 2

  76  40  75  51  46  39  63  49  42  48 1

  52  61  43  48  43  33  66  38  50  47 2

  38  53  29  39  41  45  32  59  41  46 2

  46  52  52  57  57  50  46  50  45  57 1

  53  59  58  33  53  61  56  56  76  25 1

  40  43  58  35  39  60  53  70  54  44 2

  53  56  68  48  58  62  50  46  55  38 2

  38  45  74  58  50  55  52  43  51  36 1

  46  49  66  50  50  53  52  48  54  54 1

  37  55  37  62  56  49  45  28  55  42 2

  60  48  44  68  45  61  61  35  34  50 2

  49  46  51  52  53  56  48  63  58  49 1

  60  51  43  33  53  47  39  38  50  51 2

  50  37  55  53  48  51  52  42  57  48 2

  46  59  45  57  46  59  57  48  47  51 1

  47  50  56  55  44  29  41  45  62  56 1

  50  54  69  52  26  45  54  45  54  40 2

  38  40  51  51  49  32  34  47  53  61 2

  34  63  51  62  44  45  71  39  33  39 2

  44  44  61  44  43  48  36  57  59  40 2

  58  39  67  44  45  52  53  47  48  39 2

  38  48  48  40  35  54  54  44  38  57 2

  58  49  45  52  50  56  54  39  32  56 2

  57  43  63  42  52  69  49  60  63  49 2

  41  52  56  56  46  28  52  62  57  46 1

  40  57  41  36  71  48  57  46  36  32 1

  53  47  32  58  59  58  61  44  54  57 2

  49  56  51  54  58  38  28  49  43  80 1

  62  45  32  62  50  54  44  52  59  39 2

  54  56  53  47  63  43  82  61  43  23 2

  62  42  54  38  53  41  54  53  44  49 2

  57  60  49  64  38  36  67  37  40  51 2

  56  57  45  25  73  71  38  57  44  36 2

  36  57  25  49  55  51  40  54  68  40 2

  42  47  61  30  47  55  32  46  40  51 2

  73  34  48  42  59  46  52  42  35  55 2

  66  49  52  56  43  45  54  48  41  58 2

  35  43  60  50  55  56  57  44  56  69 1

  61  42  46  65  53  35  58  46  56  45 2

  55  37  48  48  41  37  43  53  46  26 2

  57  41  57  52  60  33  43  42  38  62 2

  61  72  29  55  50  54  51  64  47  47 1

  57  64  64  53  54  68  51  29  34  67 1

  33  47  57  40  53  60  57  31  42  36 1

  52  54  40  52  64  44  44  61  37  51 2

  58  33  60  54  44  62  47  49  35  47 2

  53  31  37  60  45  62  51  35  40  55 2

  40  47  44  47  55  25  54  40  55  54 1

  47  53  46  50  63  27  59  51  47  45 1

  54  64  46  45  43  53  30  53  61  40 1

  52  31  55  61  48  45  69  42  46  63 1

  53  47  42  38  56  51  64  55  58  55 2

  47  55  56  57  47  61  64  54  51  51 2

  45  46  52  54  51  47  42  41  62  39 1

  38  42  69  41  62  55  46  42  44  44 2

  52  58  52  46  46  52  37  45  55  54 1

  55  31  51  51  47  39  55  29  46  61 2

  37  51  59  69  55  47  41  37  43  48 2

  41  68  57  33  59  40  55  31  58  53 1

  48  41  40  67  51  37  60  58  37  49 1

  65  53  49  43  50  45  48  63  58  69 2

  44  46  40  64  52  56  54  53  47  31 2

  47  48  65  43  53  50  59  49  53  45 2

  41  46  53  50  49  51  34  41  54  49 2

  64  60  39  38  55  45  22  55  54  64 1

  35  60  46  44  32  42  37  48  54  63 2

  36  56  27  55  51  33  50  45  40  44 2

  29  51  42  46  72  53  64  61  45  65 2

  35  42  48  57  54  60  48  44  29  61 2

  56  59  47  68  57  42  45  41  64  62 2

  32  61  45  52  52  58  48  53  48  30 1

  53  55  52  46  49  53  43  44  58  65 1

  47  61  29  51  48  45  64  51  42  40 1

  69  69  47  37  30  61  40  30  70  39 2

  52  49  49  51  60  49  47  55  58  25 1

  59  58  57  50  45  34  57  32  45  35 2

  47  48  30  49  46  76  55  54  43  56 1

  67  46  54  68  44  62  31  49  49  47 1

  38  13  31  33  34  42  40  51  59  40 2

  48  74  42  34  40  50  64  39  52  66 1

  48  43  48  67  50  71  46  45  35  55 2

  54  67  24  45  45  65  53  42  46  44 1

  33  47  57  44  60  43  49  61  42  77 1

  46  35  68  56  54  57  61  67  48  43 1

  48  50  69  52  65  45  63  56  63  48 2

  52  51  55  45  42  60  64  44  49  54 2

  68  46  61  36  45  27  41  62  45  62 2

  44  60  50  34  42  50  52  37  38  58 1

  45  50  51  40  44  62  49  49  48  50 2

  45  38  43  49  60  46  45  55  38  37 2

  53  43  61  60  65  39  56  49  47  56 1

  56  57  62  57  66  47  72  38  52  43 1

  38  44  47  65  52  39  40  42  62  47 1

  48  48  50  29  45  54  61  55  59  39 2

  53  51  46  40  39  59  62  54  55  40 1

  38  28  59  55  50  49  50  49  53  61 1

  29  53  58  54  34  34  36  53  57  51 1

  64  51  68  55  39  57  27  55  63  44 1

  53  39  39  48  53  60  56  53  39  44 1

  48  44  47  40  56  39  51  40  40  37 2

  56  47  44  51  52  51  60  59  39  45 2

  44  36  62  39  54  60  57  45  44  43 1

  46  56  44  43  48  53  50  54  48  38 2

  62  48  40  52  68  56  53  39  30  60 2

  57  45  45  77  63  44  55  56  46  42 1

  67  52  57  44  53  52  44  55  57  53 2

  48  45  47  53  46  59  40  57  65  48 2

  36  66  66  48  48  41  47  63  47  61 2

  52  70  54  59  45  62  52  50  38  44 2

  71  60  43  60  32  42  51  60  45  54 2

  47  66  60  69  43  51  31  63  38  47 2

  45  55  39  55  46  52  56  50  60  32 1

  62  51  59  45  46  59  67  48  51  50 1

  52  33  53  44  50  49  44  69  41  56 1

  44  44  58  37  36  50  39  50  65  47 2

  56  65  46  57  52  62  42  36  69  40 1

  52  58  51  43  52  55  64  49  39  45 2

  59  59  65  37  33  52  66  73  35  54 2

  44  49  56  44  60  60  52  36  51  40 1

  24  62  60  42  42  47  67  51  37  56 1

  41  46  60  49  27  77  52  44  53  53 2

  37  47  65  41  55  48  60  46  43  61 2

  31  49  43  33  39  41  56  44  43  38 1

  26  63  44  47  49  55  66  52  50  38 1

  44  43  39  56  62  47  68  67  61  51 2

  47  55  33  52  41  56  42  44  57  44 1

  28  59  49  46  38  65  61  53  57  48 2

  33  46  47  51  63  68  37  38  58  60 2

  47  51  53  56  40  58  51  66  52  55 2

  57  39  38  31  44  44  49  37  61  68 1

  56  51  44  61  37  48  65  58  46  39 1

  47  66  57  58  49  39  62  47  52  42 2

  51  55  56  28  63  60  50  43  51  44 1

  42  50  47  50  48  57  57  63  29  52 1

  55  45  38  44  51  48  45  46  55  57 2

  41  40  53  51  41  60  59  54  46  52 2

  47  39  53  47  55  57  60  57  51  38 1

  47  52  47  69  44  44  50  49  81  54 1

  39  29  32  43  60  39  48  46  54  40 2

  36  57  41  69  54  52  35  30  70  45 2

  47  55  48  30  54  62  46  67  52  47 2

  45  59  61  55  44  74  52  62  72  62 2

  45  46  51  55  56  47  52  39  47  42 2

  44  58  42  54  47  48  72  57  51  69 1

  60  43  45  48  68  47  35  51  56  54 1

  56  58  56  74  51  62  52  63  41  48 1

  47  38  48  56  56  38  37  34  45  40 2

  47  47  57  52  57  41  52  42  63  58 1

  40  82  54  60  48  57  47  60  42  47 1

  51  63  55  67  46  69  42  41  49  62 2

  45  62  34  33  41  51  48  35  48  57 1

  54  31  65  50  36  39  60  61  63  31 1

  59  58  48  39  31  57  43  36  42  57 2

  50  46  59  45  38  48  56  51  48  55 1

  57  47  66  31  54  53  36  50  37  61 2

  53  57  39  63  44  52  38  48  36  43 2

  39  65  37  48  45  53  47  54  48  52 2

  34  40  36  58  52  33  25  54  55  61 1

  60  46  49  47  43  42  54  57  47  56 1

  45  62  52  22  48  51  43  33  53  36 2

  57  58  69  42  52  51  46  58  44  39 1

  38  57  47  48  48  37  38  46  52  41 2

  40  28  58  69  70  52  52  44  63  42 2

  49  54  48  61  59  56  57  33  45  61 1

  50  56  45  48  68  59  62  61  66  39 2

  57  51  52  55  45  47  46  56  56  35 2

  61  45  63  60  42  51  27  54  46  64 2

  56  59  42  78  54  30  51  30  46  40 2

  44  61  52  71  38  39  54  42  55  40 1

  49  44  58  52  59  45  35  56  63  43 2

  48  50  37  60  51  43  51  29  55  46 1

  57  49  42  45  42  54  40  44  56  58 1

  48  43  46  39  46  34  41  23  51  59 1

  51  30  45  55  58  50  73  69  52  47 1

  56  46  62  65  54  38  54  43  35  57 2

  49  50  55  65  49  65  54  38  45  50 1

  41  47  41  50  45  52  42  45  54  47 2

  48  46  32  43  49  36  49  31  61  34 2

  48  40  21  48  55  37  50  70  49  51 1

  48  43  57  64  69  57  56  62  40  59 1

  48  47  63  43  48  47  70  39  30  41 2

  33  47  35  32  50  36  36  53  68  45 2

  48  53  57  38  55  43  56  45  51  57 1

  48  43  51  53  44  41  45  48  49  61 2

  26  50  49  51  43  52  55  51  42  56 1

  56  37  61  53  46  43  43  55  57  55 1

  72  68  50  48  52  48  43  41  66  44 2

  47  28  41  59  51  52  50  60  58  56 1

  46  43  39  30  56  53  29  42  47  55 2

  45  66  41  40  51  65  43  59  57  58 1

  40  59  45  43  40  48  52  49  48  41 1

  32  36  45  48  43  42  56  38  55  72 2

  36  53  48  48  40  61  58  54  25  55 2

  41  48  50  50  65  33  34  63  59  63 1

  55  47  36  44  49  52  27  60  49  59 1

  48  53  49  41  40  57  61  58  57  47 1

  35  54  56  44  46  42  54  52  34  59 2

  57  53  40  60  41  48  53  54  40  49 1

  35  52  40  40  34  53  48  54  55  37 1

  32  52  31  58  63  47  50  51  52  50 2

  21  48  52  60  48  39  41  60  52  47 1

  45  50  45  35  57  80  64  46  50  48 2

  36  56  41  35  58  48  36  44  62  35 1

  40  58  63  50  52  51  73  46  36  48 2

  74  44  49  37  47  51  44  45  52  56 2

  43  39  60  56  40  43  62  44  31  37 1

  38  33  39  46  45  50  28  77  54  41 1

  46  63  54  41  56  44  52  47  44  51 1

  56  48  52  35  53  42  30  44  51  58 1

  45  55  51  41  58  53  51  37  51  57 1

  39  40  37  49  30  63  49  30  71  51 1

  49  64  59  37  60  65  52  61  48  44 1

  50  48  34  41  39  48  63  58  61  57 2

  50  38  58  46  47  58  71  41  58  41 2

  51  65  55  68  52  46  62  65  44  42 2

  50  64  58  63  41  56  48  51  44  52 1

  45  60  44  35  45  39  50  59  47  58 1

  29  40  39  49  63  51  51  48  44  63 1

  65  30  41  66  45  48  48  51  51  64 1

  44  48  54  51  58  47  53  39  41  47 1

  59  48  58  54  46  58  49  47  39  42 1

  57  53  63  65  54  50  68  70  45  53 1

  55  58  54  38  50  56  55  48  69  57 1

  52  41  51  44  56  56  54  48  51  38 2

  50  69  46  54  50  44  46  28  58  60 2

  39  58  32  57  56  38  36  29  48  36 1

  43  71  46  36  44  42  54  49  52  52 1

  40  44  51  36  62  55  49  47  53  58 1

  59  33  56  61  56  48  44  50  60  58 1

  29  52  44  63  50  53  44  30  47  51 1

  60  52  62  60  44  40  39  61  39  53 1

  56  55  48  50  35  48  55  33  49  32 1

  62  66  42  64  45  51  54  49  56  40 2

  44  38  64  60  63  52  64  60  46  50 1

  59  58  36  43  39  48  35  61  68  52 1

  66  57  55  52  54  46  43  47  57  43 1

  47  60  50  62  38  54  57  32  56  56 2

  34  51  50  53  56  51  54  38  44  42 1

  51  52  53  60  49  50  44  40  47  43 1

  49  42  30  59  58  52  60  59  42  64 2

  68  37  60  64  52  60  59  60  51  55 1

  49  58  53  49  42  47  42  56  34  44 2

  46  64  55  49  47  37  42  58  54  63 2

  54  32  50  41  46  54  69  59  54  35 1

  57  58  40  45  56  58  57  53  40  60 1

  61  56  42  40  34  55  61  55  37  38 1

  49  45  50  62  51  69  60  50  43  44 2

  71  50  58  48  42  52  69  56  55  65 2

  57  46  60  27  41  58  42  60  68  43 1

  60  52  54  41  49  41  78  47  56  49 1

  42  44  45  57  43  64  58  48  35  56 2

  45  50  56  50  41  46  49  56  67  51 1

  57  53  54  66  48  55  53  40  38  37 2

  60  58  52  49  64  47  28  57  31  58 1

  36  59  46  52  42  45  68  41  48  38 1

  57  56  59  46  40  49  60  48  28  67 2

  46  44  51  44  63  47  48  45  41  44 2

  56  48  36  54  55  42  55  49  67  57 2

  50  38  53  50  39  65  46  66  42  59 1

  44  63  34  71  45  61  57  42  56  47 2

  58  49  41  45  57  31  43  44  67  64 1

  30  60  59  42  59  63  77  40  40  52 2

  46  80  52  57  57  34  43  59  56  38 1

  61  42  62  63  44  42  27  48  43  46 2

  61  56  59  47  55  53  77  51  57  37 1

  52  61  80  71  42  56  49  39  49  34 1

  58  52  53  46  38  33  60  33  49  52 2

  40  48  47  39  40  61  33  61  43  53 2

