i01          6     1   1
i02          8     1   1
i03          4     1   1
i04          8     1   1
i05          7     1   1
i06          9     1   1
i07          4     2   1
i08          6     2   1
i09          3     2   1
i10          3     2   1
i11          8     1   2
i12          9     1   2
i13        10     1   2
i14          9     2   2
i15        10     2   2
i16        11     2   2
i17        11     2   2
i18        10     2   2
i19        12     2   2
i20        12     2   2
i21        12     2   2
i22         12     2   2
